8149
7624
4725
0000
5228
6007
0000
1380
2134
7174
0000
3002
2406
7031
0000
6613
6360
3113
7979
0000
4332
0582
1469
0000
3624
6539
2880
1629
1805
0000
2664
0458
3540
2560
3412
1441
0000
6102
1730
0000
6650
1408
2560
2667
0000
3901
3571
0000
7042
5465
4834
0000
4733
2055
3406
2404
2820
0000
3750
5685
0000
6106
8138
7994
0000
2854
2004
2015
3888
6710
0000
2323
5626
4352
7624
0000
1067
1346
0000
3007
6481
0000
3227
9453
6538
2613
0000
1313
8261
0000
7017
5908
6133
0000
7482
4885
6629
0351
7003
2973
6447
6912
4952
5784
3421
9712
3931
7950
7180
4846
8198
7037
7519
4208
9403
2423
4367
1359
8535
3781
6653
7881
8501
6060
2408
7672
2056
2116
1324
5427
7479
7401
4353
8220
2651
5787
2604
3943
2910
2487
7319
1452
9019
8289
2163
0000
5821
3812
4072
4371
0000
2021
6014
0000
3041
5783
9269
0000
5306
3626
0000
7259
6408
1638
7473
